$ANSIBLE_VAULT;1.1;AES256
39653237353235613738613638636466353663313932616437666135376135323338326465623534
3662346636353438313334393138656463323737616265650a313565383463303130303133343663
63386230623661653166316636346230346630363937303136306562303134383464353063353230
3364636436346566300a366663323164333532613766626666613130373236363336393439643834
39326534643730393465306562336666396532623632623437373565306466313736366338393864
61363462643432333131616237356665376635633333626335383232373562303064336164333863
66353165346364623963303035376137363266663962356561386237323266366132623134363264
35366463643464353239323038656230633762313962323630336462386137653133393533633231
38653433626562396265653336363435393363633930356461353930373061653336313636623738
61323039336439626361346439636364653966336232636639663061303538326663356263643734
62333936326230373236396432313537656563366338303130333665646535373933313564653236
33663039663766316561663534653830633961303039333338396166366335623861363662613162
64623365373564393638373763633739333032393036623934363333326639383130323066393066
32663162363662373436336363653030356137333837636431346136386338313161383039306238
62313435376164343738393234383064623830346165613831653065353066343362623934643064
62373363343863633665653066646337636136356132333961346635383638663536343364376438
34633635323465303233306165363562313330613639396562363761386535366536363535663363
65626162666531633836623838376332633830376465646633633332343937303436376263333064
36613932393131626131623838363138656164396234313965363635653234663237666333393965
35633435353966363238376531643965313430333035396230633839336466613937323362633062
36616338366632306433326132393332303864396163626136323039303666373738363537353233
36323038343533613962323666303265346238333637333066623465373737356630346465376237
39343134643939363032613431386162373334366363383565613034326666306231643965393135
62643566346337616137393433313534393163366463306238646633373864346137323463376436
30626531326262356664386264636465306532333134343430656639303936646163326133393931
38333439623934383865646231303665383230383233653637616534386364376338353965646230
65613035636264333235313864326639333739666234383432306333633538303331663266386134
62383131396535363734373731663464313438313935663761343665643335666237636366316436
37326333353232373064373232626337616461633865643432306537613138323936653038316633
39623038653139643235396331613130656433343762633435653038656661393232633533653035
33373530616538353433356439623334326233383861343437623834316538636634303030326630
65363661633037366532366262343937376536333165313666333739366633633264393230623765
33356663316135643632656436643365353738613030623065306237656435393762316666646530
39633939376236323034653632323333383235386635653336336161636331303164306565316233
62393365303363656633393632633164326136393164303139663433323165333162313832303663
37303637323764623062363064373434373238656365613366383334623533343639393965376131
64346631343364346432303539316434343662353737643134613761633137616363663734363637
35623332643235396539323139303434393663323663366235616534383036633930383864613765
34616364353533623564333265366230633635356666666238626130336161333562616566616361
39353536373263623334623263336537366530663965363133383631393331633530396139636530
34656332666362613063373431616365373864636539396530646266653538353939306138373966
37653164313938386132623437653733316236666531373135353662323365643362636432616536
35383936323536643338623232343635333062366430616566373839643734666533656662373666
32316131643861373166626339303866633531663765373233343133396230343531643361623833
33333366336661393765343637323461303436383866623038333338663438383637666261376137
32323830663133353937343165363730366430376661336131393166636466653965616330663030
39373231383039373363623737343237656263373761383837373133396135336236663238346335
33386336303164326466653838376332626330343165363261353263376539653732323437656239
61313233363366643961316438626434643935646163333034333031666336353062646266343638
63643436616364656438383637363732383537353838386531373765326132366632366635613665
32376236336536303630306561376434356337636437653930343533616638363933366162626262
34393232303337613531323530366233613931323064346236633865623361336430643236313536
62383964323061363136376138363739376435373663643234316162346335313036343233313532
66353233396664663530343262666432396130313936306561323037363730343131396634616332
32386466646530306338393565316232653638313066366432346665313133323234383334633935
36306364396464356635373732386438363735376137636465383730353434656166383232373262
31336232656563393936343437383433643730373033363766663436323133333631626332623962
39343166343163313765663738613532626661653532333030336432363339623033386561656464
34316534616130323236653363613433326131373832316363373463326339356363626239373537
65323637323265623565623661353837623937353536313962373835386561653137396564356330
62623363613661643164366438383039313235306630343564376337363232333632363834396631
62656363663030633261623263386536343233313230663634303030633739626439613262333265
64666437313837333031323036383530303962626139643666303066663634653364623561643131
34323766313266616562633263643930363766396431626331623662653439346236373236366364
36646538393530643461323137396263326539323964363634356336343032646337633065626133
33653033653666353863653532616262343539343263653331343732343865636330323432643433
38336139373139626261393465663266643533396161636630623061616661316433386465633765
37653337356130623432663437626561333235623937356166313034316531353830333333353532
65653739656230313566653361383866656233663461343466356130306166623732336161656339
64636633643437353639633433366461626530373232343030616231386136376630336538313665
35643962383131356336343366343739386238653262353630323137643838386637303836626264
34363763626431373466306363356231316135386139343032613935643139633636376430393761
34323061363663323061323363626232326137373332343236643861383637396336313336643063
61656539633339313732326461363637313264373639393830393265353439343531353136383063
36303134313339316237383436633466353665373738376634366461656562663933343332386365
33643138643635303933373564643965393837323261303663643665663865646530646236326233
63303064303735313035366438366335666563333433366337626631363263653137623435666333
63383635613566313732343037623563623539353639363132666362666137663036613232376162
63333834376536333663623539343030656635316664666137343338356539643230346562386633
62373864316633336334613065323233626139316436303535656561623331363030303730326435
32336562653936636432386639346335633038333363323761313166383134653031386565303337
66656461613964383334353037343437393437303065383062343466623030333030313237396234
34646133343533666336656132393135323332623838366532323632383339303137393962323138
61313633613430623333336331303038386333663434633032613464383034633665633730393233
39323139333664396362393734386534303537306130613265373933356633626162386534313638
64376633666434343763343232386631396130623435376265326331323238356438356332333663
34396166383162333566626432303662646238343338326330396336626565623134336537643065
31316331336439356331