$ANSIBLE_VAULT;1.1;AES256
30343764323131333664383236656235616137326665383631316537616131623633373834656333
3432643966326364633534663234333536346433346530320a616665613537663866346335636265
66383031316233346161356563656234393766333332363064633231363032623032316638333831
6565643161613665610a353834383966356635343435383064383035653632353032633162373031
65353262353466633065636536626561343164366661356661373030323762633239336332373837
32623863653364326164363138363165343339313061313563653836303863663630656537313061
34353739396564326365383032633031373234343231333130383635313835333236633139346637
65626332633835313530333764316532616330613661343533646131663539663236363935393166
62643339366333316432653738333864376138613939356132393437326136626434316638373130
30663064613230343635646439633936363663313230663938336437316536623839353865396339
33366434303837346338306430633337636263623466643934396366333430393231366664626563
61616438643162356337376231346135393065343864383732333737373462616563383538666263
62353035633631643333663234363361376238613334383761323232376466346233316564613561
34653830636666316634616330333166353132653836353633373061653332646538613833333663
66643734363238396264616564353539313632636637343064356563343962316431383731356664
32643838366135343137346436643366326466643539393861383262313065383963613431393337
31613766613239303437663930336336326162386565373032373361616463393266646531386563
34343632316261356537323465656139393731313536383939633334383361336264656332633732
64633739363466373837346439393836333263373036383663336536396436653962363564663562
61323761373331656234336337363731653465643566323131333038303361386539333533636434
31613064323236346632663964653637366630346139346133613936636339313635306466613562
66326365646636636536386633326564336164376131616266663133653637373233623539613063
36393638376138663565623335396431363637646535366166363866636633353362383331366633
65333363653935636631366662323538636161333864366534663039633635323530643532363432
38363732336437343236396430313031313231313065313165353131633030316234383437633464
31376631353931343865313864653839626137613631343266613933396631643739346262363264
36366166386166646334636466303630636163373533313332306533323139626333353934623336
63383330353965313237343463633963333236303261353430663564663632303830653162363431
31353838303961353334396337373737633162303636396432316164653331356161366532396361
35343332633565613764333465363231626466656565656331666438633737336466383162366264
39396161363133613963383065316338396139363837396361336430303639356235666664623134
37343832313961303035396365356337616433346631633330353562643739626536386165323331
63623232333135646563636662333134363766363664613561353063636532356135383435653265
63653032363561376130643537353635656265343036323661646461663066396265316230356365
33616266363631373634633131623434653061623136643737643461333162646263303735626433
38646665313466326238616432643931396365353962343037643161316263373134323766386532
62333662393030356236636662613835663561353766393465326663313965643531333565663833
34316239636631323363626632353763663061363966333235323030656432346639656130323435
66346133656465643463396465376431663234333331643466396564643232353063393061613266
64306235376433643334363839396261333635303266306263343838616637323566303134633532
33396464383939656539633433373565373030313466343136656232343764616136633763323937
61613730363863343437663331376233303330653663666661356535646664656338346437383664
36316566363837613265643934633738346337646439636266336433353362636439333066623734
33626534633338316439623732626136316634373932326266666265316530393931663733333934
32363332663431653035336132363935626362383737326532643632653930643963343135313631
66323165623037353337303438663565336564393266616130613136613133376337333864363764
66313332626564346431343934386437633139613136656362363339366230383637613264343064
64646335633333326261646262303461626266373931343434336633333264393336613438643234
64336238383337323731326139396464623763636339663033623462363861376235616435613933
33333061333130333234623964363637613266363832383032353634646463643830613535333061
38376333393264303339636165303932323031396562303130343637396261326264353033333131
38356462383535353033333637306566653137316462313162393132663366363964303830303138
61376265613663333765393532653137656132313531396531616239306261373939346466636334
38366331376361313131313461343161343530393964623934646531303366383162303466643935
65323335656362653461313435326338616235303136626661623733303733333834303265383465
61373338336634626638663334666463303433366135643032346366306561373762383733393138
63323135643065633736386133333564376262346138306261313663363235303339343530343239
38626161373730343266366132356235643362623131363831666665623837303130323636363263
63353062636432373130633130333038343564653138363335646563316239313663303762386137
37623366346366353165373434646361396563306434346430643231356335326230346666356431
66653665323437646466656633646334393231356263363061366637663866663732643164626438
31313939613335613830336638336661323464376431356135333961376632633331643932613566
38306134336263636661333235623030346633343535383361383131636265326532313433323662
36643762386465363636626566336135633032326332303262336265316539383335396661303039
36353261303535393231323938613031663833623333643266336539656661616162343930333063
37633830613035653135363966663832393333636634356132373133383436346265303331393033
65663366646461663637633437356266643966306136323966373663366334323134313537316139
36323436623233633930323237323030323864333761343532633537303730633964313739326330
62356632353662326634313163636131383333393835643964343234356366313134383633666162
65353737626631663736656339633435383532333433363539373063396332363431353763653465
64363865323262636563633634343763363031356263373564313866333131393261303062326464
66663833323534646531346262666236333262343962653262343965616330306131643530613837
39616663646437613435343338623632303832306334613564623735633438303533343965633761
66616137373433623463616235376361646663653465323266613463333434616334323865313035
61333864363366643065643363346137623635623237376464313232313565313636653733626432
38323462313437343139383664613531636365633333653732333431663135383566666134373764
38653635356364373639643266653530353631643637366664626639313738636131653663323663
32633838323861363264333831663664326364656534346136666634356233336264326339633634
37393439363461343234366633633034373934643763383233323564333263383666653736353065
30303262353932373362623236303834356637346466646336333734656539343566346366393966
38313337383837646135636436323938366362313464393536333139363331356264613039313364
65336630393763643733616632653039366535343131373236326464306562666233356130316330
62643763373563643863356631663731616162633032626162323465326363366539626633376132
32616632336365373761626638323639316530666263383764653931356462333030316438383835
35643936633136306130333630636135323837626334633639333666393937666566306432396533
30323963346434306438323462346463616131316164363165396436623138643739383237326566
61613139323063643534323064623565356238343261316639323665343231633962303631316432
38373031366338353562663762613664373836643635663164303262383839346131373036656437
62306666623433383464383434343464373631653339646566343336626638333438353731613864
63386435393166376662326166373335646438636530336164626330313539663230646435663366
63616533373039643836313563353736393061626464366430353664393564343563623539303732
63346664356335346534343633376265383431323862633962616232616532363261643330363463
39363461333331633638363066386231636635393266353866333139643731396536393736333333
37326164653763323634613436663933636330313935643737363732396333356566643832393433
62666566363731636337336535653334386334616634616562306236316531333162303031346665
39366333653939343835623539333035623065333739343637653234656463663466376234326164
61323065613731633835613366633730323235653161366530326265373038383035323036316433
61613665656433373833373736623432353461363233633534663236393132306462343761623738
36326534323037663265323934663066613865303765626634313831366331633362353033343732
66323837373439383930316232336430313366383138633863313732373830333766353330626566
35386231396430376434376662383737343139633665343264616162303965643163626634396235
62653361663836663032346338656633353964366238333033336262353237343038396230356532
64656338373330613931626431626332636331303339333939656533636566396261646130303833
37323638616332633335656130313137323436306662306331646337306635383339343031356239
39643364636236663833653462356561626563363935663932363532333865346565303335323439
38613537616335353131306137363436336634396461653134353433636138366135343937653964
37646134316139666533333836646362663832636565396137356634623434343031366363386433
61326430393964663636653734646632376364323433623837386534393666313934653566383365
66633338353364393733623062633263636530303536653063306131356237363839653465333139
34633766333731663863623832663063663362643431376365643062313966383661636238366532
62396366313230653132663236313564663636313630343165343635653736613765353431373739
30316230386631663338653334393164623730653539316166386431376434313939653063383561
36323636376538623331373164373937343539663938343263666531663631343330343064393563
31396232363764353739383837373663303562663437613335326563343462626339316663663232
32326434366163656634343031313962386664356162636634316637396630323031613238336462
31343137386662303536386464653539356235356236633032666363353362353138666532356237
61333564336563306163663935636531313534363661376165643661313766633136396335373363
36333339373639333562643633386637383330613130626561386239323863626135313731613134
31343232353834306330343762356163366638636462653264653466306335333939303730643166
39393663323565623938373735366634323932386663656630636139346339363833343065666634
39323363303736633930333533626430336265383661306236613436396137616466326432383534
61653664356236373532636335306366663439646638373035613932373532613165323732383861
31333231326563343231323030313438656139663739343839633035393166306463373832353130
30613962373662376366356436626135343334383963663934366230376463666437633030666461
32666637613433633233356237396431653330343934323230643735333635616434656561353166
34363635333036623438333133343461306362303535653564343239643636366465336361373863
37653263613537353363323364376164626661316236376230336433353936646331393966303564
39663936666537396135383362393737336238346335616363303439663230666361326432643630
66353563316161343266386165363762643432653734303262326366623162356131623036383336
38363138636464386539666631333238643166653663383433623637306433663463636563616530
64363136343539343535353165303961633734316133383938333632313231623661353031326539
65623663316262313333346661656631643865633732663863333532326661386530616633323630
33663965633433623732373463653764316539346566343436386264306461383138663537373962
39326230366434613235656561613936303639623039666334343162656630356137353866633131
393437373139663965373532663635313934